%YAML:1.0
A-weights: !!opencv-matrix
   rows: 1
   cols: 4
   dt: d
   data: [ 2.8172584864490746e-001, 1.7621016430881037e-001,
       4.6284684824843225e-001, 7.9217138797851028e-002 ]
A-means: !!opencv-matrix
   rows: 4
   cols: 3
   dt: d
   data: [ 4.7317632858390176e+001, 3.9844510801720304e+001,
       2.2292151142124919e+001, 7.4552958966139684e+001,
       7.0238353770374843e+001, 5.3613009635416326e+001,
       4.6363677628689395e+001, 3.7470361210397940e+001,
       2.5295459147788367e+001, 8.7716300433439585e+001,
       8.8942084199418758e+001, 4.6882458237644670e+001 ]
A-covs:
   - !!opencv-matrix
      rows: 3
      cols: 3
      dt: d
      data: [ 7.1300914860355576e+001, 6.3497252043571144e+001,
          4.1392970552043572e+001, 6.3497252043571144e+001,
          7.4263119308542898e+001, 3.4602492540735142e+001,
          4.1392970552043572e+001, 3.4602492540735142e+001,
          4.4203472772262920e+001 ]
   - !!opencv-matrix
      rows: 3
      cols: 3
      dt: d
      data: [ 5.6077951929149413e+002, 5.2130383576024428e+002,
          3.7447770047365822e+002, 5.2130383576024428e+002,
          5.3065739604796977e+002, 4.0826097282385751e+002,
          3.7447770047365822e+002, 4.0826097282385757e+002,
          3.7140567082656361e+002 ]
   - !!opencv-matrix
      rows: 3
      cols: 3
      dt: d
      data: [ 6.1682955007898613e+001, 6.6889630143221055e+001,
          5.0353049465891061e+001, 6.6889630143221055e+001,
          7.7101202282353512e+001, 5.4281344479821961e+001,
          5.0353049465891068e+001, 5.4281344479821961e+001,
          4.3389248176726035e+001 ]
   - !!opencv-matrix
      rows: 3
      cols: 3
      dt: d
      data: [ 1.0968135953611986e+003, 1.1119452151052567e+003,
          9.9566244939296905e+002, 1.1119452151052567e+003,
          1.1601228578555374e+003, 9.5796483659554315e+002,
          9.9566244939296939e+002, 9.5796483659554315e+002,
          1.0133444767725584e+003 ]
B-weights: !!opencv-matrix
   rows: 1
   cols: 4
   dt: d
   data: [ 2.5459854699457368e-001, 2.4702721850019060e-001,
       2.3046756077814751e-001, 2.6790667372709559e-001 ]
B-means: !!opencv-matrix
   rows: 4
   cols: 3
   dt: d
   data: [ 9.2915642358288665e+001, 9.7538488462189875e+001,
       9.1364215062926661e+001, 2.5718964909898666e+001,
       1.9493121949178999e+001, 1.4661033878259961e+001,
       4.5014307962623946e+001, 4.0979359544982543e+001,
       3.4531465680266372e+001, 3.8330869122972572e+001,
       4.0068437679610888e+001, 7.7829765207646489e+001 ]
B-covs:
   - !!opencv-matrix
      rows: 3
      cols: 3
      dt: d
      data: [ 1.0942564565563871e+003, 1.1053714917547020e+003,
          8.3367925275274695e+002, 1.1053714917547020e+003,
          1.1438485025703603e+003, 8.4282452252286021e+002,
          8.3367925275274706e+002, 8.4282452252286021e+002,
          1.0320680556436923e+003 ]
   - !!opencv-matrix
      rows: 3
      cols: 3
      dt: d
      data: [ 1.1970947173004326e+001, 8.0137711943609453e+000,
          7.2381068703135618e+000, 8.0137711943609453e+000,
          7.0910314593116901e+000, 5.8923565151057717e+000,
          7.2381068703135618e+000, 5.8923565151057717e+000,
          6.6128168033052575e+000 ]
   - !!opencv-matrix
      rows: 3
      cols: 3
      dt: d
      data: [ 2.0472837096463780e+002, 2.0875683491403214e+002,
          1.8338213854924004e+002, 2.0875683491403214e+002,
          2.4034344339528602e+002, 2.2883523821669834e+002,
          1.8338213854924004e+002, 2.2883523821669831e+002,
          2.6950240095734597e+002 ]
   - !!opencv-matrix
      rows: 3
      cols: 3
      dt: d
      data: [ 1.8403321926546960e+002, 1.9206612245532503e+002,
          4.2542869546361408e+002, 1.9206612245532503e+002,
          2.0900692069056282e+002, 4.6249806639451072e+002,
          4.2542869546361413e+002, 4.6249806639451072e+002,
          1.1026357585637265e+003 ]
C-weights: !!opencv-matrix
   rows: 1
   cols: 4
   dt: d
   data: [ 2.2309903109048868e-001, 1.2884363836505236e-001,
       4.5168101070877359e-001, 1.9637631983568254e-001 ]
C-means: !!opencv-matrix
   rows: 4
   cols: 3
   dt: d
   data: [ 4.9115213257862344e+001, 3.6966762201860973e+001,
       2.4332359847612331e+001, 6.4670644422403683e+001,
       6.5431098780132103e+001, 4.6014314807983958e+001,
       7.9252656007131208e+001, 6.8843001945994473e+001,
       4.9523815090006579e+001, 1.2166047273382580e+002,
       1.1862882604007451e+002, 1.0136420960277340e+002 ]
C-covs:
   - !!opencv-matrix
      rows: 3
      cols: 3
      dt: d
      data: [ 1.2388215590565710e+002, 8.3055688600699028e+001,
          7.1974364825652799e+001, 8.3055688600699028e+001,
          6.4004145449462627e+001, 5.5072722321381960e+001,
          7.1974364825652799e+001, 5.5072722321381960e+001,
          5.7931643865809946e+001 ]
   - !!opencv-matrix
      rows: 3
      cols: 3
      dt: d
      data: [ 3.1744695005337252e+002, 3.6076387412204633e+002,
          2.7697278127735137e+002, 3.6076387412204633e+002,
          4.3931858938476853e+002, 3.5833929858615011e+002,
          2.7697278127735137e+002, 3.5833929858615011e+002,
          4.9529928930956731e+002 ]
   - !!opencv-matrix
      rows: 3
      cols: 3
      dt: d
      data: [ 2.5603910050854881e+002, 2.4539068386444916e+002,
          2.0343033922922305e+002, 2.4539068386444919e+002,
          2.6478384104507415e+002, 2.2162959038397952e+002,
          2.0343033922922308e+002, 2.2162959038397952e+002,
          2.0035261330454469e+002 ]
   - !!opencv-matrix
      rows: 3
      cols: 3
      dt: d
      data: [ 1.4450633252799782e+003, 1.3880892834211527e+003,
          1.0297410026308792e+003, 1.3880892834211527e+003,
          1.3783071895984494e+003, 1.0800533656686200e+003,
          1.0297410026308792e+003, 1.0800533656686200e+003,
          9.8593288809458431e+002 ]
D-weights: !!opencv-matrix
   rows: 1
   cols: 4
   dt: d
   data: [ 4.0052825117585195e-001, 9.7116996587548077e-002,
       9.7239167456659045e-002, 4.0511558477994192e-001 ]
D-means: !!opencv-matrix
   rows: 4
   cols: 3
   dt: d
   data: [ 4.6249694425419499e+001, 4.0795250887296604e+001,
       3.4371042848250063e+001, 1.0550684120889387e+002,
       1.0133953727350821e+002, 7.6164114604607647e+001,
       7.3019584175888497e+001, 6.7197706964581812e+001,
       5.8178933182679607e+001, 6.1222845730095344e+001,
       5.2654273577766553e+001, 2.9357240468321006e+001 ]
D-covs:
   - !!opencv-matrix
      rows: 3
      cols: 3
      dt: d
      data: [ 7.1292143134100158e+001, 6.4270553604591314e+001,
          6.4474417429764870e+001, 6.4270553604591299e+001,
          6.3694327634629452e+001, 6.1321689673183087e+001,
          6.4474417429764870e+001, 6.1321689673183087e+001,
          6.4772856245732214e+001 ]
   - !!opencv-matrix
      rows: 3
      cols: 3
      dt: d
      data: [ 2.2746310632733298e+003, 2.2499509656565097e+003,
          2.0459572656747503e+003, 2.2499509656565097e+003,
          2.2342326653201926e+003, 2.0236708756740359e+003,
          2.0459572656747496e+003, 2.0236708756740354e+003,
          1.8945195530399010e+003 ]
   - !!opencv-matrix
      rows: 3
      cols: 3
      dt: d
      data: [ 5.7744225839209275e+002, 6.2514161081285397e+002,
          7.0407042683966517e+002, 6.2514161081285397e+002,
          6.9661321897357220e+002, 8.0046338150198960e+002,
          7.0407042683966517e+002, 8.0046338150198949e+002,
          9.5275213986611550e+002 ]
   - !!opencv-matrix
      rows: 3
      cols: 3
      dt: d
      data: [ 2.2002267006635219e+002, 2.0526181642513299e+002,
          1.4323462959584359e+002, 2.0526181642513299e+002,
          2.2800052491780616e+002, 1.2888426402684814e+002,
          1.4323462959584359e+002, 1.2888426402684814e+002,
          1.1464953958325202e+002 ]
