<?xml version="1.0"?>
<opencv_storage>
<CornersAmount>48</CornersAmount>
<Corner_0>
  347 304</Corner_0>
<Corner_1>
  355 307</Corner_1>
<Corner_2>
  365 309</Corner_2>
<Corner_3>
  375 312</Corner_3>
<Corner_4>
  385 315</Corner_4>
<Corner_5>
  394 319</Corner_5>
<Corner_6>
  405 321</Corner_6>
<Corner_7>
  415 325</Corner_7>
<Corner_8>
  337 307</Corner_8>
<Corner_9>
  347 309</Corner_9>
<Corner_10>
  356 312</Corner_10>
<Corner_11>
  366 315</Corner_11>
<Corner_12>
  376 319</Corner_12>
<Corner_13>
  386 322</Corner_13>
<Corner_14>
  397 325</Corner_14>
<Corner_15>
  408 328</Corner_15>
<Corner_16>
  328 310</Corner_16>
<Corner_17>
  337 313</Corner_17>
<Corner_18>
  347 315</Corner_18>
<Corner_19>
  357 319</Corner_19>
<Corner_20>
  367 321</Corner_20>
<Corner_21>
  377 325</Corner_21>
<Corner_22>
  388 328</Corner_22>
<Corner_23>
  398 332</Corner_23>
<Corner_24>
  317 313</Corner_24>
<Corner_25>
  327 315</Corner_25>
<Corner_26>
  337 319</Corner_26>
<Corner_27>
  347 321</Corner_27>
<Corner_28>
  357 325</Corner_28>
<Corner_29>
  368 328</Corner_29>
<Corner_30>
  379 332</Corner_30>
<Corner_31>
  390 336</Corner_31>
<Corner_32>
  309 315</Corner_32>
<Corner_33>
  318 319</Corner_33>
<Corner_34>
  327 321</Corner_34>
<Corner_35>
  336 326</Corner_35>
<Corner_36>
  347 328</Corner_36>
<Corner_37>
  357 332</Corner_37>
<Corner_38>
  368 335</Corner_38>
<Corner_39>
  379 341</Corner_39>
<Corner_40>
  299 319</Corner_40>
<Corner_41>
  308 322</Corner_41>
<Corner_42>
  317 326</Corner_42>
<Corner_43>
  327 328</Corner_43>
<Corner_44>
  337 333</Corner_44>
<Corner_45>
  347 337</Corner_45>
<Corner_46>
  358 341</Corner_46>
<Corner_47>
  370 345</Corner_47>
</opencv_storage>
