<?xml version="1.0"?>
<opencv_storage>
<CornersAmount>48</CornersAmount>
<Corner_0>
  347 304</Corner_0>
<Corner_1>
  356 307</Corner_1>
<Corner_2>
  364 309</Corner_2>
<Corner_3>
  374 312</Corner_3>
<Corner_4>
  384 315</Corner_4>
<Corner_5>
  395 319</Corner_5>
<Corner_6>
  405 321</Corner_6>
<Corner_7>
  415 325</Corner_7>
<Corner_8>
  337 307</Corner_8>
<Corner_9>
  347 309</Corner_9>
<Corner_10>
  356 313</Corner_10>
<Corner_11>
  365 315</Corner_11>
<Corner_12>
  375 319</Corner_12>
<Corner_13>
  386 321</Corner_13>
<Corner_14>
  396 325</Corner_14>
<Corner_15>
  407 329</Corner_15>
<Corner_16>
  328 309</Corner_16>
<Corner_17>
  338 313</Corner_17>
<Corner_18>
  347 316</Corner_18>
<Corner_19>
  356 319</Corner_19>
<Corner_20>
  366 322</Corner_20>
<Corner_21>
  376 326</Corner_21>
<Corner_22>
  387 329</Corner_22>
<Corner_23>
  398 333</Corner_23>
<Corner_24>
  319 313</Corner_24>
<Corner_25>
  328 315</Corner_25>
<Corner_26>
  337 319</Corner_26>
<Corner_27>
  347 322</Corner_27>
<Corner_28>
  356 325</Corner_28>
<Corner_29>
  367 329</Corner_29>
<Corner_30>
  378 333</Corner_30>
<Corner_31>
  389 336</Corner_31>
<Corner_32>
  309 316</Corner_32>
<Corner_33>
  319 319</Corner_33>
<Corner_34>
  326 322</Corner_34>
<Corner_35>
  337 327</Corner_35>
<Corner_36>
  347 330</Corner_36>
<Corner_37>
  357 333</Corner_37>
<Corner_38>
  368 336</Corner_38>
<Corner_39>
  380 342</Corner_39>
<Corner_40>
  299 319</Corner_40>
<Corner_41>
  308 322</Corner_41>
<Corner_42>
  317 325</Corner_42>
<Corner_43>
  326 329</Corner_43>
<Corner_44>
  336 333</Corner_44>
<Corner_45>
  347 337</Corner_45>
<Corner_46>
  358 342</Corner_46>
<Corner_47>
  368 344</Corner_47>
</opencv_storage>
