<?xml version="1.0"?>
<opencv_storage>
<CameraMatrix type_id="opencv-matrix">
  <rows>3</rows>
  <cols>3</cols>
  <dt>f</dt>
  <data>
    5.86704468e+002 0. 2.88076447e+002 0. 9.49474854e+002
    2.33570389e+002 0. 0. 1.</data></CameraMatrix>
<DistortionCoeffs type_id="opencv-matrix">
  <rows>5</rows>
  <cols>1</cols>
  <dt>f</dt>
  <data>
    -6.54724836e-001 6.08339250e-001 -1.78044904e-002 6.52652904e-002
    -8.96372497e-001</data></DistortionCoeffs>
<RotationValues type_id="opencv-matrix">
  <rows>3</rows>
  <cols>1</cols>
  <dt>f</dt>
  <data>
    7.26006031e-001 1.95249307e+000 -1.72269821e+000</data></RotationValues>
<TranslationValues type_id="opencv-matrix">
  <rows>3</rows>
  <cols>1</cols>
  <dt>f</dt>
  <data>
    5.37378723e+002 4.04851257e+002 5.47292676e+003</data></TranslationValues>
</opencv_storage>
