<?xml version="1.0"?>
<opencv_storage>
<CameraMatrix type_id="opencv-matrix">
  <rows>3</rows>
  <cols>3</cols>
  <dt>f</dt>
  <data>
    4.94273102e+002 0. 3.32501617e+002 0. 4.98673157e+002
    2.39439270e+002 0. 0. 1.</data></CameraMatrix>
<DistortionCoeffs type_id="opencv-matrix">
  <rows>5</rows>
  <cols>1</cols>
  <dt>f</dt>
  <data>
    -3.99506569e-001 2.27625757e-001 -1.56826491e-003 -6.13195775e-003
    -8.34441558e-002</data></DistortionCoeffs>
<RotationValues type_id="opencv-matrix">
  <rows>3</rows>
  <cols>1</cols>
  <dt>f</dt>
  <data>
    7.91057408e-001 1.95095003e+000 -1.62733161e+000</data></RotationValues>
<TranslationValues type_id="opencv-matrix">
  <rows>3</rows>
  <cols>1</cols>
  <dt>f</dt>
  <data>
    1.28374695e+002 5.87539124e+002 4.51406445e+003</data></TranslationValues>
</opencv_storage>
