<?xml version="1.0"?>
<opencv_storage>
<CameraMatrix type_id="opencv-matrix">
  <rows>3</rows>
  <cols>3</cols>
  <dt>f</dt>
  <data>
    494.2730886340931 0 332.5016191093996
	0 498.6731608183001 239.4392648146472
	0 0 1
  </data>
</CameraMatrix>
<DistortionCoeffs type_id="opencv-matrix">
  <rows>5</rows>
  <cols>1</cols>
  <dt>f</dt>
  <data>
    -0.3995065674323179
	0.2276257583149344
	-0.001568264960333281
	-0.00613195793565961
	-0.08344415329086004
  </data>
</DistortionCoeffs>
</opencv_storage>
