<?xml version="1.0"?>
<opencv_storage>
<CameraMatrix type_id="opencv-matrix">
  <rows>3</rows>
  <cols>3</cols>
  <dt>f</dt>
  <data>
    586.7044873301472 0. 288.0764316891114
    0. 949.4748689327524 233.5703882621718
    0. 0. 1.
  </data>
</CameraMatrix>
<DistortionCoeffs type_id="opencv-matrix">
  <rows>5</rows>
  <cols>1</cols>
  <dt>f</dt>
  <data>
    -0.6547248423015485
    0.6083392363476102
    -0.01780449106898627
    0.06526529171528619
    -0.8963724992334791
  </data>
</DistortionCoeffs>
</opencv_storage>
