<?xml version="1.0"?>
<opencv_storage>
<CornersAmount>48</CornersAmount>
<Corner_0>
  238 354</Corner_0>
<Corner_1>
  249 350</Corner_1>
<Corner_2>
  259 348</Corner_2>
<Corner_3>
  269 345</Corner_3>
<Corner_4>
  279 342</Corner_4>
<Corner_5>
  288 339</Corner_5>
<Corner_6>
  297 337</Corner_6>
<Corner_7>
  307 334</Corner_7>
<Corner_8>
  246 357</Corner_8>
<Corner_9>
  255 354</Corner_9>
<Corner_10>
  267 350</Corner_10>
<Corner_11>
  277 348</Corner_11>
<Corner_12>
  287 345</Corner_12>
<Corner_13>
  297 343</Corner_13>
<Corner_14>
  307 339</Corner_14>
<Corner_15>
  314 337</Corner_15>
<Corner_16>
  254 360</Corner_16>
<Corner_17>
  266 357</Corner_17>
<Corner_18>
  276 354</Corner_18>
<Corner_19>
  287 350</Corner_19>
<Corner_20>
  296 348</Corner_20>
<Corner_21>
  306 345</Corner_21>
<Corner_22>
  315 342</Corner_22>
<Corner_23>
  325 340</Corner_23>
<Corner_24>
  264 364</Corner_24>
<Corner_25>
  274 361</Corner_25>
<Corner_26>
  285 357</Corner_26>
<Corner_27>
  296 354</Corner_27>
<Corner_28>
  306 351</Corner_28>
<Corner_29>
  315 348</Corner_29>
<Corner_30>
  325 345</Corner_30>
<Corner_31>
  333 342</Corner_31>
<Corner_32>
  274 368</Corner_32>
<Corner_33>
  284 364</Corner_33>
<Corner_34>
  295 361</Corner_34>
<Corner_35>
  305 358</Corner_35>
<Corner_36>
  315 354</Corner_36>
<Corner_37>
  325 351</Corner_37>
<Corner_38>
  334 348</Corner_38>
<Corner_39>
  343 345</Corner_39>
<Corner_40>
  284 372</Corner_40>
<Corner_41>
  294 368</Corner_41>
<Corner_42>
  305 364</Corner_42>
<Corner_43>
  316 361</Corner_43>
<Corner_44>
  325 357</Corner_44>
<Corner_45>
  335 355</Corner_45>
<Corner_46>
  345 350</Corner_46>
<Corner_47>
  352 348</Corner_47>
</opencv_storage>
