<?xml version="1.0"?>
<opencv_storage>
<CornersAmount>48</CornersAmount>
<Corner_0>
  238 354</Corner_0>
<Corner_1>
  249 350</Corner_1>
<Corner_2>
  260 348</Corner_2>
<Corner_3>
  270 344</Corner_3>
<Corner_4>
  280 342</Corner_4>
<Corner_5>
  289 340</Corner_5>
<Corner_6>
  298 337</Corner_6>
<Corner_7>
  307 334</Corner_7>
<Corner_8>
  246 357</Corner_8>
<Corner_9>
  256 354</Corner_9>
<Corner_10>
  267 350</Corner_10>
<Corner_11>
  278 347</Corner_11>
<Corner_12>
  288 344</Corner_12>
<Corner_13>
  297 343</Corner_13>
<Corner_14>
  306 339</Corner_14>
<Corner_15>
  316 337</Corner_15>
<Corner_16>
  254 361</Corner_16>
<Corner_17>
  266 357</Corner_17>
<Corner_18>
  276 354</Corner_18>
<Corner_19>
  287 350</Corner_19>
<Corner_20>
  296 349</Corner_20>
<Corner_21>
  307 345</Corner_21>
<Corner_22>
  315 342</Corner_22>
<Corner_23>
  324 340</Corner_23>
<Corner_24>
  263 364</Corner_24>
<Corner_25>
  275 362</Corner_25>
<Corner_26>
  285 357</Corner_26>
<Corner_27>
  296 355</Corner_27>
<Corner_28>
  306 351</Corner_28>
<Corner_29>
  315 349</Corner_29>
<Corner_30>
  325 345</Corner_30>
<Corner_31>
  334 343</Corner_31>
<Corner_32>
  273 369</Corner_32>
<Corner_33>
  285 364</Corner_33>
<Corner_34>
  295 361</Corner_34>
<Corner_35>
  305 357</Corner_35>
<Corner_36>
  315 354</Corner_36>
<Corner_37>
  325 351</Corner_37>
<Corner_38>
  333 349</Corner_38>
<Corner_39>
  342 345</Corner_39>
<Corner_40>
  284 373</Corner_40>
<Corner_41>
  295 369</Corner_41>
<Corner_42>
  305 364</Corner_42>
<Corner_43>
  316 361</Corner_43>
<Corner_44>
  325 358</Corner_44>
<Corner_45>
  335 354</Corner_45>
<Corner_46>
  344 352</Corner_46>
<Corner_47>
  354 349</Corner_47>
</opencv_storage>
