<?xml version="1.0"?>
<opencv_storage>
<CameraMatrix type_id="opencv-matrix">
  <rows>3</rows>
  <cols>3</cols>
  <dt>f</dt>
  <data>
    4.99404633e+002 0. 3.14339020e+002 0. 4.93572205e+002
    2.40257919e+002 0. 0. 1.</data></CameraMatrix>
<DistortionCoeffs type_id="opencv-matrix">
  <rows>5</rows>
  <cols>1</cols>
  <dt>f</dt>
  <data>
    -4.69378859e-001 9.28895891e-001 2.09238240e-003 1.42393121e-002
    -1.59108484e+000</data></DistortionCoeffs>
<RotationValues type_id="opencv-matrix">
  <rows>3</rows>
  <cols>1</cols>
  <dt>f</dt>
  <data>
    1.58920395e+000 6.48669183e-001 -5.93524098e-001</data></RotationValues>
<TranslationValues type_id="opencv-matrix">
  <rows>3</rows>
  <cols>1</cols>
  <dt>f</dt>
  <data>
    -6.45922668e+002 9.56952393e+002 4.02791162e+003</data></TranslationValues>
</opencv_storage>
