<?xml version="1.0"?>
<opencv_storage>
<CameraMatrix type_id="opencv-matrix">
  <rows>3</rows>
  <cols>3</cols>
  <dt>f</dt>
  <data>
    4.87749237e+002 0. 3.35676025e+002 0. 4.93059570e+002
    2.43381226e+002 0. 0. 1.</data></CameraMatrix>
<DistortionCoeffs type_id="opencv-matrix">
  <rows>5</rows>
  <cols>1</cols>
  <dt>f</dt>
  <data>
    -3.82773727e-001 2.05475077e-001 -1.48419128e-003 -4.58608894e-003
    -6.90365359e-002</data></DistortionCoeffs>
<RotationValues type_id="opencv-matrix">
  <rows>3</rows>
  <cols>1</cols>
  <dt>f</dt>
  <data>
    1.59297454e+000 6.23100817e-001 -5.47150731e-001</data></RotationValues>
<TranslationValues type_id="opencv-matrix">
  <rows>3</rows>
  <cols>1</cols>
  <dt>f</dt>
  <data>
    -8.17424133e+002 9.07670837e+002 3.93136450e+003</data></TranslationValues>
</opencv_storage>
