<?xml version="1.0"?>
<opencv_storage>
<CameraMatrix type_id="opencv-matrix">
  <rows>3</rows>
  <cols>3</cols>
  <dt>f</dt>
  <data>
    487.7492299648638 0 335.6760393127508
    0 493.0595809679356 243.3812179748613
    0 0 1
  </data>
</CameraMatrix>
<DistortionCoeffs type_id="opencv-matrix">
  <rows>5</rows>
  <cols>1</cols>
  <dt>f</dt>
  <data>
    -0.3827737205544634
    0.2054750811938614
    -0.001484191319745716
    -0.004586088762870823
    -0.06903653787212884
  </data>
</DistortionCoeffs>
</opencv_storage>
