<?xml version="1.0"?>
<opencv_storage>
<CameraMatrix type_id="opencv-matrix">
  <rows>3</rows>
  <cols>3</cols>
  <dt>f</dt>
  <data>
    499.4046389170031 0. 314.3390168786083
    0. 493.5722081629795 240.2579215137756
    0. 0. 1.
  </data>
</CameraMatrix>
<DistortionCoeffs type_id="opencv-matrix">
  <rows>5</rows>
  <cols>1</cols>
  <dt>f</dt>
  <data>
    -0.4693788708262567
    0.9288958803109496
    0.002092382452331279
    0.01423931210878199
    -1.59108484717687
  </data>
</DistortionCoeffs>
</opencv_storage>
