<?xml version="1.0"?>
<opencv_storage>
<CornersAmount>48</CornersAmount>
<Corner_0>
  292 421</Corner_0>
<Corner_1>
  307 421</Corner_1>
<Corner_2>
  322 421</Corner_2>
<Corner_3>
  337 422</Corner_3>
<Corner_4>
  352 423</Corner_4>
<Corner_5>
  367 423</Corner_5>
<Corner_6>
  383 423</Corner_6>
<Corner_7>
  398 423</Corner_7>
<Corner_8>
  290 426</Corner_8>
<Corner_9>
  305 427</Corner_9>
<Corner_10>
  321 428</Corner_10>
<Corner_11>
  336 429</Corner_11>
<Corner_12>
  352 429</Corner_12>
<Corner_13>
  367 429</Corner_13>
<Corner_14>
  383 429</Corner_14>
<Corner_15>
  399 429</Corner_15>
<Corner_16>
  287 432</Corner_16>
<Corner_17>
  304 433</Corner_17>
<Corner_18>
  320 434</Corner_18>
<Corner_19>
  335 435</Corner_19>
<Corner_20>
  351 435</Corner_20>
<Corner_21>
  368 435</Corner_21>
<Corner_22>
  384 435</Corner_22>
<Corner_23>
  400 435</Corner_23>
<Corner_24>
  285 439</Corner_24>
<Corner_25>
  301 440</Corner_25>
<Corner_26>
  317 441</Corner_26>
<Corner_27>
  334 441</Corner_27>
<Corner_28>
  351 441</Corner_28>
<Corner_29>
  368 441</Corner_29>
<Corner_30>
  385 442</Corner_30>
<Corner_31>
  401 442</Corner_31>
<Corner_32>
  283 445</Corner_32>
<Corner_33>
  300 446</Corner_33>
<Corner_34>
  316 447</Corner_34>
<Corner_35>
  333 447</Corner_35>
<Corner_36>
  350 448</Corner_36>
<Corner_37>
  368 448</Corner_37>
<Corner_38>
  385 448</Corner_38>
<Corner_39>
  402 448</Corner_39>
<Corner_40>
  280 452</Corner_40>
<Corner_41>
  297 453</Corner_41>
<Corner_42>
  315 455</Corner_42>
<Corner_43>
  332 455</Corner_43>
<Corner_44>
  350 456</Corner_44>
<Corner_45>
  367 456</Corner_45>
<Corner_46>
  386 456</Corner_46>
<Corner_47>
  403 456</Corner_47>
</opencv_storage>
