<?xml version="1.0"?>
<opencv_storage>
<CameraMatrix type_id="opencv-matrix">
  <rows>3</rows>
  <cols>3</cols>
  <dt>f</dt>
  <data>
    4.84520020e+002 0. 3.27688202e+002 0. 4.86611786e+002
    2.33256027e+002 0. 0. 1.</data></CameraMatrix>
<DistortionCoeffs type_id="opencv-matrix">
  <rows>5</rows>
  <cols>1</cols>
  <dt>f</dt>
  <data>
    -4.08203304e-001 2.96248853e-001 3.84099758e-003 2.49407184e-003
    -1.96485490e-001</data></DistortionCoeffs>
<RotationValues type_id="opencv-matrix">
  <rows>3</rows>
  <cols>1</cols>
  <dt>f</dt>
  <data>
    1.17590702e+000 1.26301014e+000 -1.27409458e+000</data></RotationValues>
<TranslationValues type_id="opencv-matrix">
  <rows>3</rows>
  <cols>1</cols>
  <dt>f</dt>
  <data>
    -2.72081085e+002 1.42300098e+003 3.47191187e+003</data></TranslationValues>
</opencv_storage>
