<?xml version="1.0"?>
<opencv_storage>
<CameraMatrix type_id="opencv-matrix">
  <rows>3</rows>
  <cols>3</cols>
  <dt>f</dt>
  <data>
    3.00004272e+002 0. 3.25725708e+002 0. 3.12000336e+002
    2.76941040e+002 0. 0. 1.</data></CameraMatrix>
<DistortionCoeffs type_id="opencv-matrix">
  <rows>5</rows>
  <cols>1</cols>
  <dt>f</dt>
  <data>
    -1.77696511e-001 -3.36609893e-002 -3.74416541e-003 1.76826511e-002
    6.37892261e-002</data></DistortionCoeffs>
<RotationValues type_id="opencv-matrix">
  <rows>3</rows>
  <cols>1</cols>
  <dt>f</dt>
  <data>
    1.10591519e+000 1.19077384e+000 -1.35401523e+000</data></RotationValues>
<TranslationValues type_id="opencv-matrix">
  <rows>3</rows>
  <cols>1</cols>
  <dt>f</dt>
  <data>
    -2.61983337e+002 1.14418323e+003 2.33528247e+003</data></TranslationValues>
</opencv_storage>
