<?xml version="1.0"?>
<opencv_storage>
<CameraMatrix type_id="opencv-matrix">
  <rows>3</rows>
  <cols>3</cols>
  <dt>f</dt>
  <data>
    484.5200175314163 0 327.6882072155721
    0 486.6117874164258 233.2560269292924
    0 0 1
  </data>
</CameraMatrix>
<DistortionCoeffs type_id="opencv-matrix">
  <rows>5</rows>
  <cols>1</cols>
  <dt>f</dt>
  <data>
    -0.4082033037096525
    0.296248843915178
    0.00384099752693119
    0.002494071804062655
    -0.196485495038317
  </data>
</DistortionCoeffs>
</opencv_storage>
