<?xml version="1.0"?>
<opencv_storage>
<CornersAmount>48</CornersAmount>
<Corner_0>
  213 458</Corner_0>
<Corner_1>
  212 449</Corner_1>
<Corner_2>
  213 440</Corner_2>
<Corner_3>
  212 431</Corner_3>
<Corner_4>
  213 423</Corner_4>
<Corner_5>
  213 417</Corner_5>
<Corner_6>
  213 410</Corner_6>
<Corner_7>
  213 404</Corner_7>
<Corner_8>
  233 457</Corner_8>
<Corner_9>
  233 448</Corner_9>
<Corner_10>
  232 438</Corner_10>
<Corner_11>
  231 430</Corner_11>
<Corner_12>
  231 422</Corner_12>
<Corner_13>
  231 417</Corner_13>
<Corner_14>
  230 409</Corner_14>
<Corner_15>
  230 403</Corner_15>
<Corner_16>
  253 455</Corner_16>
<Corner_17>
  252 446</Corner_17>
<Corner_18>
  250 438</Corner_18>
<Corner_19>
  249 430</Corner_19>
<Corner_20>
  248 421</Corner_20>
<Corner_21>
  247 415</Corner_21>
<Corner_22>
  246 408</Corner_22>
<Corner_23>
  245 402</Corner_23>
<Corner_24>
  274 454</Corner_24>
<Corner_25>
  272 444</Corner_25>
<Corner_26>
  270 436</Corner_26>
<Corner_27>
  269 429</Corner_27>
<Corner_28>
  268 422</Corner_28>
<Corner_29>
  266 414</Corner_29>
<Corner_30>
  263 408</Corner_30>
<Corner_31>
  261 400</Corner_31>
<Corner_32>
  295 453</Corner_32>
<Corner_33>
  291 443</Corner_33>
<Corner_34>
  288 435</Corner_34>
<Corner_35>
  286 427</Corner_35>
<Corner_36>
  283 420</Corner_36>
<Corner_37>
  282 413</Corner_37>
<Corner_38>
  280 407</Corner_38>
<Corner_39>
  278 400</Corner_39>
<Corner_40>
  315 451</Corner_40>
<Corner_41>
  311 442</Corner_41>
<Corner_42>
  308 433</Corner_42>
<Corner_43>
  305 426</Corner_43>
<Corner_44>
  302 419</Corner_44>
<Corner_45>
  299 412</Corner_45>
<Corner_46>
  297 406</Corner_46>
<Corner_47>
  294 399</Corner_47>
</opencv_storage>
