<?xml version="1.0"?>
<opencv_storage>
<CornersAmount>48</CornersAmount>
<Corner_0>
  213 457</Corner_0>
<Corner_1>
  212 448</Corner_1>
<Corner_2>
  213 439</Corner_2>
<Corner_3>
  213 432</Corner_3>
<Corner_4>
  213 424</Corner_4>
<Corner_5>
  213 417</Corner_5>
<Corner_6>
  214 410</Corner_6>
<Corner_7>
  214 403</Corner_7>
<Corner_8>
  233 457</Corner_8>
<Corner_9>
  232 447</Corner_9>
<Corner_10>
  232 439</Corner_10>
<Corner_11>
  232 430</Corner_11>
<Corner_12>
  231 423</Corner_12>
<Corner_13>
  230 416</Corner_13>
<Corner_14>
  230 409</Corner_14>
<Corner_15>
  230 403</Corner_15>
<Corner_16>
  253 455</Corner_16>
<Corner_17>
  252 446</Corner_17>
<Corner_18>
  251 437</Corner_18>
<Corner_19>
  250 430</Corner_19>
<Corner_20>
  249 421</Corner_20>
<Corner_21>
  248 414</Corner_21>
<Corner_22>
  247 408</Corner_22>
<Corner_23>
  246 401</Corner_23>
<Corner_24>
  274 454</Corner_24>
<Corner_25>
  272 445</Corner_25>
<Corner_26>
  270 437</Corner_26>
<Corner_27>
  268 428</Corner_27>
<Corner_28>
  267 421</Corner_28>
<Corner_29>
  265 414</Corner_29>
<Corner_30>
  263 407</Corner_30>
<Corner_31>
  261 401</Corner_31>
<Corner_32>
  294 453</Corner_32>
<Corner_33>
  292 443</Corner_33>
<Corner_34>
  289 434</Corner_34>
<Corner_35>
  286 426</Corner_35>
<Corner_36>
  284 419</Corner_36>
<Corner_37>
  282 413</Corner_37>
<Corner_38>
  280 406</Corner_38>
<Corner_39>
  278 400</Corner_39>
<Corner_40>
  315 451</Corner_40>
<Corner_41>
  311 441</Corner_41>
<Corner_42>
  309 433</Corner_42>
<Corner_43>
  305 425</Corner_43>
<Corner_44>
  301 418</Corner_44>
<Corner_45>
  299 411</Corner_45>
<Corner_46>
  297 405</Corner_46>
<Corner_47>
  294 399</Corner_47>
</opencv_storage>
