<?xml version="1.0"?>
<opencv_storage>
<CameraMatrix type_id="opencv-matrix">
  <rows>3</rows>
  <cols>3</cols>
  <dt>f</dt>
  <data>
    5.24802979e+002 0. 3.51910461e+002 0. 5.15088684e+002
    2.62918030e+002 0. 0. 1.</data></CameraMatrix>
<DistortionCoeffs type_id="opencv-matrix">
  <rows>5</rows>
  <cols>1</cols>
  <dt>f</dt>
  <data>
    -3.75368655e-001 3.01414281e-002 -7.20402831e-003 -3.20647806e-002
    1.14358597e-001</data></DistortionCoeffs>
<RotationValues type_id="opencv-matrix">
  <rows>3</rows>
  <cols>1</cols>
  <dt>f</dt>
  <data>
    1.71385825e+000 -1.95213765e-001 1.98125690e-001</data></RotationValues>
<TranslationValues type_id="opencv-matrix">
  <rows>3</rows>
  <cols>1</cols>
  <dt>f</dt>
  <data>
    -7.64622559e+002 1.12752661e+003 2.74529956e+003</data></TranslationValues>
</opencv_storage>
