<?xml version="1.0"?>
<opencv_storage>
<CameraMatrix type_id="opencv-matrix">
  <rows>3</rows>
  <cols>3</cols>
  <dt>f</dt>
  <data>
    484.4104029697175 0 318.5126058972592
    0 483.4388534216914 231.2060419826257
    0 0 1
  </data>
</CameraMatrix>
<DistortionCoeffs type_id="opencv-matrix">
  <rows>5</rows>
  <cols>1</cols>
  <dt>f</dt>
  <data>
    -0.3686953748676432
    0.1971872427479354
    0.002616952412115216
    -0.0001560551678529878
    -0.06747635733153633
  </data>
</DistortionCoeffs>
</opencv_storage>
